#rho[1/m²]] v[m/s]
1.17236     1.22275581
1.25218     0.934130876
1.36373     0.733029999
1.36375     0.735963336
1.47791     0.90388454
1.56464     0.76563938
1.668       0.752745803
1.80892     0.734858369
1.86515     0.714151677
1.97264     0.802898654
2.07558     0.751481514
2.16992     0.776844308
2.28511     0.707230724
2.37843     0.649087844
2.47258     0.660136376
2.57881     0.63607633
2.68213     0.630066402
2.76623     0.595912126
2.88188     0.578056685
2.97553     0.557174688
3.07843     0.528993675
3.18475     0.519337468
3.27831     0.496765102
3.38171     0.500995059
3.48845     0.516005676
3.58165     0.476414502
3.69402     0.458671041
3.78175     0.462915317
3.87542     0.450699537
3.9883       0.459446381
4.08452     0.420761803
4.18811     0.434666234
4.29075     0.405239177
4.38795     0.41305849
4.48151     0.399064155
4.58472     0.39622267
4.69084     0.384698689
4.8028      0.357058383
4.89641     0.346956239
4.99033     0.34929153
5.09637     0.336512066
5.1897      0.317049155
5.28388     0.329148277
5.39929     0.316912038
5.49196     0.2596705
5.58519     0.255540098
5.69101     0.238558709
5.80279     0.212277198
5.89578     0.186217939
5.9918      0.157536133
6.08492     0.137083314
6.1876      0.123127061
6.29399     0.127436173
6.39636     0.104464883
6.49931     0.0997255093
6.59613     0.0982676206
6.6799      0.0812012156
6.8018      0.0827066365
6.89853     0.0792229649
6.99208     0.0741458908
7.10455     0.0741095495
7.20105     0.0647525014
7.29477     0.0644766045
7.40696      0.0573583494
7.51318     0.0576226045
7.60709     0.0623740484
7.71022     0.0631084457
7.80663     0.052383679
7.90987     0.0562767783
8.00362     0.0567936759
8.10633     0.0479836128
8.20362     0.05835753
8.30664     0.0566712895
8.40923     0.045314137
8.506       0.0438584529
8.60054     0.0622230697
8.71305     0.0632693489
8.80943     0.0530036563
8.91282     0.059606275
9.01553     0.0513554944
9.12188     0.0542851912
9.20706     0.0718241219
9.30975     0.0632678643
9.43251     0.0184340117
9.51814     0.0447250198
9.61211     0.049865014
9.71798     0.0429867112
9.83024     0.0392305783
9.91407     0.0294460297